1 53.6258
2 86.1718
3 98.3067
4 57.5644
5 -78.5828
6 9.39264
7 73.4478
8 93.9939
9 -74.6196
10 63.3436
11 -95.5215
12 50.9509
13 0.668709
14 84.2086
15 52.3251
16 -56.0368
17 27.0061
18 -49.6748
19 17.4785
20 -55.092
21 -49.4417
22 -54.6012
23 89.9202
24 82.6994
25 -96.9755
26 -76.2147
27 58.8282
28 18.0982
29 98.0798
30 -52.2393
31 -60.6994
32 4.7362
33 -16.1902
34 -59.546
35 33.5031
36 27.1104
37 49.7546
38 19.227
39 -44.3129
40 36.7423
41 -62.7546
42 58.2883
43 -30.546
44 86.7301
45 71.3558
46 -55.6687
47 44.9386
48 69.2638
49 61.0123
50 79.1534
51 -15.6135
52 67.6564
53 80.4233
54 -25.6012
55 44.4233
56 22.4356
57 86.6626
58 -79.6994
59 -24.4295
60 -76.0552
61 71.092
62 -44.9387
63 -72.0123
64 35.2086
65 19.0307
66 -89.6258
67 -62.1472
68 -54.908
69 -39.0613
70 -13.2822
71 36.0184
72 -23.8712
73 -4.31288
74 4.95092
75 -95.2086
76 -72.454
77 66.1043
78 4.38651
79 -76.546
80 84.9141
81 -29.5215
82 -68.2025
83 -85.1227
84 80.1718
85 -6.7362
86 86.3313
87 47.3558
88 -69.6258
89 25.2822
90 64.8834
91 2.89571
92 44.9755
93 -30.9264
94 84.1718
95 62.0429
96 -93.6135
97 -97.2638
98 11.6933
99 15.3804
100 53.8221
101 -16.5337
102 -18.1963
103 -46.1472
104 39.0368
105 -28.6074
106 -60.4847
107 54.3067
108 -0.533745
109 -36.8221
110 -22.2086
111 -5.22086
112 -75.3926
113 4.58282
114 17.1595
115 -59.2638
116 39.4356
117 -29.5521
118 90.4233
119 -82.8405
120 -0.650307
121 -5.25153
122 -17.773
123 -90.2025
124 -81.6933
125 24.7117
126 89.3681
127 -77.2331
128 -80.5337
129 -12.2393
130 40.2822
131 -76.4417
132 23.9202
133 -50.4724
134 -44.9387
135 -92.2822
136 82.1902
137 -57.6503
138 80.3374
139 14.2086
140 -44.1595
141 48.6626
142 61.6994
143 -81.2699
144 56.0245
145 16.7239
146 21.1779
147 49.2393
148 33.8405
149 -1.91411
150 78.6074
151 31.4172
152 -48.9693
153 76.2086
154 82.2883
155 -76.1534
156 -83.3988
157 -25.5951
158 7.58896
159 52.638
160 -95.5092
161 30.1411
162 -25.7975
163 -20.5031
164 -40.5031
165 -0.846626
166 -61.2577
167 52.1656
168 94.2577
169 -7.17792
170 23.8221
171 40.362
172 84.5215
173 -88.681
174 -68.1534
175 -85.7362
176 73.6135
177 67.6074
178 13.0123
179 83.1902
180 -17.8466
181 -31.9325
182 23.4356
183 -80.4049
184 41.0675
185 -45
186 -47.9387
187 -72.8834
188 41.8834
189 63.4049
190 -42.5276
191 -54.9939
192 24.454
193 -6.80368
194 -26.3006
195 -46.2638
196 -3.95092
197 -22.9018
198 46.7546
199 95.7117
200 -5.20245
201 12.3374
202 -49.3558
203 43.0859
204 -99.3497
205 50.8159
206 -51.2822
207 -44.6871
208 -95.2025
209 23.1963
210 42.9632
211 -58.0675
212 35.5951
213 80.0798
214 -20.8405
215 72.3374
216 53.9571
217 -74.1472
218 -36.1779
219 59.227
220 -74.4908
221 40.6626
222 -61.7239
223 54.4049
224 -28.8159
225 47.5951
226 -20.8528
227 75.4356
228 99.4724
229 35.9571
230 72.6258
231 -96.0675
232 36.3251
233 97.7301
234 22.6196
235 -10.7362
236 -44.0736
237 68.4969
238 -48.6196
239 -28.1656
240 10.9632
241 -43.227
242 -58.5337
243 -16.6074
244 -25.2699
245 37.5522
246 81.6626
247 -68.8221
248 -93.8834
249 88.7362
250 68.9264
251 -86.7301
252 34.3681
253 -37.0368
254 30.9325
255 -12.7485
256 -29.5092
257 -31.8098
258 -87.9387
259 27.2025
260 66.0368
261 33.0552
262 92.5644
263 -98.4969
264 0.184052
265 -49.9509
266 -19.3558
267 -97.6994
268 29.3497
269 74.5337
270 61.6074
271 50.8589
272 -19.7117
273 -52.1043
274 -77.8466
275 18.9693
276 13.5951
277 52.7362
278 -54.5644
279 99.8405
280 47.9509
281 -53.1779
282 -1.14111
283 -57.0184
284 62.6503
285 -6.09816
286 -4.01227
287 -90.9018
288 -21.9325
289 -61.7853
290 77.1779
291 -49.773
292 -75.546
293 -67.4908
294 63.4417
295 67.0798
296 0.693253
297 80.7546
298 -51.1472
299 63.1779
300 -68.6749
301 84.8773
302 80.7669
303 34.3926
304 -65.0736
305 82.3988
306 -21.1963
307 -83.4233
308 -4.42331
309 42.6564
310 70.7423
311 -68.1043
312 56.638
313 14.7055
314 69.3558
315 55.5522
316 -63.0184
317 1.78528
318 77.7055
319 -58.4785
320 81.5092
321 -53.8773
322 -43.7301
323 42.2638
324 -64.1227
325 6.27608
326 23.7853
327 -66.7178
328 83.0429
329 2.44172
330 32.5153
331 5.29448
332 -94.2699
333 21.2515
334 92.9325
335 -78.4969
336 -72.0552
337 50.3497
338 86.3313
339 2.7546
340 -3.50307
341 31.1043
342 34.3742
343 -56.8773
344 43.3436
345 9.15337
346 -25.7975
347 13.681
348 17.454
349 -38.2699
350 -1.06748
351 -38.9264
352 98.2945
353 -13.3374
354 17.4049
355 -45.5031
356 -9.19632
357 30.0061
358 93.7791
359 -6.11043
360 22.3067
361 38.1043
362 -83.9939
363 -78.319
364 26.8159
365 -87.8282
366 62.8159
367 69.3436
368 -56.7178
369 -49.8528
370 -0.214722
371 57.4724
372 -77.4233
373 -52.3497
374 97.8712
375 2.23313
376 50.1227
377 55.2638
378 -8.56441
379 38.6687
380 92.4969
381 -44.3436
382 -33.7485
383 1.38651
384 -22.1779
385 60.8712
386 -94.3129
387 -2.25153
388 11.1534
389 87.1902
390 73.2393
391 95.638
392 -73.4969
393 -86.0798
394 68.9632
395 61.908
396 -1.79755
397 93.9755
398 36.8037
399 -13.0307
400 96.8282
401 87.5153
402 58.4478
403 -82.7607
404 -87.546
405 29.7055
406 1.35583
407 -66.0368
408 49.9386
409 83.3988
410 -21.8159
411 6.29448
412 -18.0736
413 -28.7607
414 66.8712
415 52.0982
416 2.44172
417 -24.9693
418 51.4969
419 -63.7178
420 -49.7485
421 -33.9571
422 44.6687
423 41.2638
424 35.5951
425 -34.546
426 -62.9693
427 -72.0368
428 -43.0429
429 4.65644
430 -58.092
431 -56.4172
432 33.2822
433 -29.6748
434 -20.3313
435 78.2147
436 -64.8344
437 18.3558
438 -31.319
439 -78.865
440 -53.3558
441 30.1963
442 -26.2331
443 49.908
444 -60.9509
445 -98.0675
446 67.6135
447 58.8712
448 -16.6442
449 -56.2393
450 62.2515
451 -7.0184
452 -6.13497
453 -36.3497
454 -28.8037
455 -8.38651
456 -82.6749
457 -68.5521
458 -47.8405
459 83.5276
460 71.5767
461 -6.88344
462 -12.1472
463 -36.6135
464 -68.6564
465 -83.135
466 65.0491
467 87.9264
468 -8.84663
469 -37.4479
470 -96.6871
471 -98.4356
472 -22.9509
473 39.6012
474 -1.35583
475 -42.6626
476 47.546
477 -50.9877
478 18.0061
479 -76.589
480 64.6994
481 -13.0552
482 -71.4294
483 45.1902
484 -42.8896
485 81.8282
486 98.6749
487 63.5399
488 75.5092
489 -41
490 -75.6319
491 -57.362
492 -61.1288
493 -88.0245
494 63.9509
495 26.589
496 -99.3804
497 50.6687
498 -5.76073
499 -47.4908
500 -88.7669
501 18.0061
502 -8.59509
503 -29.8712
504 -93.2025
505 60.8221
506 54.4356
507 -24.9877
508 20.4479
509 18.4847
510 49.2331
511 -94.5092
512 -80.5399
513 -70.2945
514 24.3006
515 26.7975
516 88.5706
517 27.1227
518 -49.5153
519 -72.135
520 -60.319
521 0.453987
522 46.8773
523 -18.9755
524 -8.81595
525 -78.3251
526 -59.8221
527 69.4417
528 -18.4049
529 99.4847
530 31.1411
531 -64.3313
532 -40.2945
533 45.2025
534 98.7239
535 -23.319
536 35.5153
537 49.3374
538 -77.1104
539 3.84663
540 4.25767
541 -77.865
542 -27.908
543 19.8834
544 -44.362
545 5.52147
546 -99.6933
547 -71.7669
548 65.1656
549 14.9509
550 -64.1902
551 15.5583
552 76.4663
553 14.4295
554 92.0061
555 -73.1595
556 89.1718
557 88.4172
558 71.2577
559 -15.7791
560 -55.3804
561 -1.61349
562 18.7485
563 -44.411
564 30.2209
565 11.3926
566 -28.319
567 -71.8528
568 -9.35583
569 -33.0798
570 -30.0123
571 1.27608
572 -24.1472
573 -19.4049
574 81.1104
575 36.3558
576 -90.9632
577 52.0859
578 93.7669
579 -2.50307
580 -2.7362
581 -34.546
582 -57.6012
583 -90.5092
584 -21.7546
585 -34.1656
586 14.2638
587 -33.1779
588 -76.1104
589 -17.8773
590 -11.5828
591 21.2699
592 94.0429
593 90.7791
594 -17.7546
595 -13
596 47.8221
597 -9.36196
598 41.4356
599 -11.4908
600 -66.3926
601 -17.3558
602 -60.2147
603 -18.6994
604 -56.4663
605 18.2147
606 -51.6319
607 82.7607
608 49.4417
609 -86.6319
610 -83.1718
611 -63.9571
612 26.6626
613 -94.4172
614 -60.3252
615 -47.319
616 73.4294
617 26.8957
618 -49.6687
619 -57.7914
620 21.9018
621 83.6196
622 -92.3313
623 -15.0798
624 62.0123
625 -77.7607
626 -72.0429
627 61.1534
628 -31.0245
629 -37.227
630 16.6994
631 76.7301
632 -43.2761
633 70.8466
634 -40.4663
635 14.4356
636 -52.9939
637 -33.865
638 31.7239
639 41.9448
640 -25.546
641 42.7178
642 70.0123
643 -96.092
644 -75.5031
645 -30.9264
646 -21.2699
647 42.1104
648 -82.7975
649 -25.9448
650 18.0491
651 -48.2147
652 -63.9509
653 -24.6135
654 -74.3497
655 37.5644
656 14.6626
657 49.7669
658 44.3988
659 64.8282
660 -17.3988
661 14.4233
662 89.9202
663 67.7975
664 83.2086
665 11.1104
666 -63.3681
667 26.7301
668 57.3865
669 63.319
670 66.5951
671 -46.1902
672 16.6871
673 95.6503
674 28.7975
675 -83.3436
676 96.4233
677 -5.58896
678 -8.69939
679 30.7853
680 0.809814
681 -7.90797
682 -85.6442
683 -50.1288
684 54.6933
685 -50.1963
686 19.6258
687 96.6135
688 49.0184
689 31.5031
690 99.1841
691 -58.6626
692 -93.0491
693 -63.0552
694 -67.8896
695 -6.227
696 66.135
697 -8.64417
698 -39.3497
699 0.748466
700 -24.8589
701 52.4417
702 71.0859
703 15.3129
704 37.589
705 -65.0123
706 53.9448
707 46.3926
708 -25.6687
709 -73.135
710 -9.22086
711 -71.2331
712 -57.7362
713 71.0491
714 -79.5767
715 -52.6994
716 -6.49693
717 3.96319
718 47.5215
719 35.4847
720 -8.0184
721 34.9509
722 42.0982
723 92.6012
724 -6.25153
725 30.5644
726 100.08
727 43.7546
728 -8.44785
729 4.76073
730 -98.7301
731 -24.3804
732 35.2331
733 -15.9816
734 -56.0552
735 -22.6258
736 30.5337
737 32.9202
738 -14.6871
739 19.681
740 26.6933
741 19.546
742 72.2393
743 -96.8282
744 94.589
745 6.21472
746 97.5522
747 11.4724
748 2.62577
749 40.7362
750 -51.0859
751 85.681
752 3.41104
753 32.8773
754 5.11656
755 -28.092
756 -76.9509
757 99.2025
758 26.1288
759 -39.1963
760 77.411
761 50.7914
762 11.411
763 46.9939
764 0.963188
765 15.3313
766 67.6503
767 -50.9939
768 -80.2086
769 63.8098
770 45.9632
771 21.7117
772 -50.7362
773 29.2638
774 10.3436
775 77.1472
776 -62.3988
777 1.21472
778 86.1411
779 65.2761
780 -38.4233
781 69.7975
782 -53.908
783 32.6871
784 -26.9877
785 4.32516
786 -99.6564
787 94.2638
788 9.40491
789 53.589
790 28.3374
791 47.1166
792 70.5153
793 -65.8405
794 -77.9632
795 -35
796 69.0798
797 8.42945
798 -98.7975
799 -4.773
800 -37.4172
801 -90.6749
802 38.0552
803 93.1595
804 72.3006
805 20.6503
806 63.5153
807 -73.2454
808 88.1718
809 64.9325
810 -90.2086
811 88.1472
812 -17.6933
813 6.58282
814 -59.0613
815 20.0552
816 -77.5706
817 -65.3865
818 23.0859
819 26.0368
820 -4.31902
821 -88.7607
822 -96.6319
823 -42.1963
824 50.6135
825 68.9509
826 49.3988
827 -61.6135
828 65.6994
829 -67.8528
830 -9.58896
831 -63.9325
832 -55.0245
833 60.5031
834 -54.0613
835 -70.7975
836 -46.6503
837 -35.8834
838 -31.2822
839 90.2822
840 88.9325
841 11.5092
842 -24.6748
843 -84.9693
844 7.14724
845 74.3497
846 -82.9877
847 -53.6626
848 5.2454
849 16.3865
850 46.7178
851 -6.74847
852 58.2331
853 -2.4908
854 -68.3865
855 -92.9018
856 28.3681
857 71.3988
858 -13.2331
859 31.3926
860 49.3681
861 63.1472
862 -42.3926
863 -50.3558
864 -14.0123
865 9.51534
866 -63.865
867 85.6564
868 -14.5153
869 -63.1411
870 -53.3252
871 -44.1411
872 16.4969
873 63.4233
874 67.6258
875 40.4969
876 9.84049
877 0.067482
878 -60.4601
879 68.1718
880 -96.1472
881 46.4969
882 27.8344
883 77.4233
884 2.74233
885 -59.5767
886 73.0798
887 65.2577
888 -54.6871
889 -33.8896
890 -88.3374
891 -37.2577
892 -90.9693
893 -19.2393
894 -91.1411
895 -30.9509
896 -65.4969
897 58.9448
898 -44.7055
899 -31.2822
900 -9.88957
901 -78.1472
902 98.7301
903 73.8098
904 79.4049
905 47.3681
906 -47.2638
907 10.5276
908 -4.46626
909 19.5767
910 -45.6074
911 -4.87116
912 35.6871
913 29.1227
914 4.17178
915 14.5521
916 68.3804
917 77.8896
918 -32.6319
919 -44.5276
920 75.9571
921 -15.0245
922 -17.2393
923 -90.2393
924 -32.9202
925 -25.7853
926 31.8896
927 84.454
928 -27.638
929 -85.4417
930 -68.773
931 46.2577
932 21.0675
933 8.85889
934 4.80981
935 -54.6687
936 15.0307
937 -2.63804
938 -19.0675
939 30.6994
940 0.797546
941 73.4233
942 -10.9018
943 96.9325
944 -55.0675
945 -25.2822
946 -5.37423
947 -0.760735
948 -77.3681
949 50.5031
950 -61.1472
951 62.1104
952 22.6074
953 -35.8834
954 -62.1656
955 -94.7178
956 -25.7546
957 37.4785
958 -6.99387
959 -60.0245
960 11.2638
961 92.5215
962 -26.0859
963 38.5706
964 -37.4233
965 -7.61349
966 -70.3988
967 32.8159
968 94.7301
969 -46.3067
970 81.5951
971 -38.908
972 93.6074
973 7.95705
974 -48.1656
975 96.2209
976 -89.1963
977 -99.9877
978 -0.748466
979 81.589
980 68.5153
981 7.70552
982 -8.49693
983 21.4479
984 -78.4417
985 -53.0184
986 98.8896
987 38.6871
988 -86.3067
989 70.2822
990 -57.7485
991 -60.1227
992 94.8466
993 -90.8896
994 -26.5337
995 -76.4785
996 -68.6994
997 -25.2331
998 18.4356
999 -49.4601
1000 -82.3251
