1 52.8834
2 58.7178
3 63.8589
4 23.1718
5 -7.55828
6 -77.8282
7 -29.9693
8 -45.6564
9 -3.06135
10 51.7055
11 -61.9448
12 40.9571
13 1.04295
14 -53.1534
15 40.6074
16 28.9325
17 -29.5951
18 -10.4479
19 3.9816
20 32.7791
21 -27.2883
22 49.8712
23 99.1656
24 98.6749
25 5.76073
26 26.908
27 46.6564
28 97.8037
29 41.0798
30 -55.816
31 62.227
32 31.5644
33 38.0429
34 -67.7362
35 29.4969
36 -74.319
37 -14.8282
38 -70.865
39 -78.5706
40 -2.03068
41 -75.5337
42 34.2515
43 69.9386
44 75.7914
45 15.4417
46 -60.4479
47 -16.9571
48 -46.9018
49 -8.23927
50 -18.3436
51 -62.3313
52 65.092
53 77.2454
54 27.092
55 26.9202
56 -51.2025
57 100.926
58 -59
59 85.6933
60 99.6196
61 84.0491
62 62.6135
63 -1.65644
64 68.3251
65 43.7791
66 9.91411
67 -7.39877
68 16.7791
69 75.2945
70 66.8037
71 21.3742
72 -15.7239
73 65.1656
74 57.7178
75 48.0368
76 61.9325
77 97.7975
78 -37.1902
79 -65.2577
80 -51.2025
81 -97.4295
82 -6.74847
83 -54.7791
84 81.9386
85 11.8098
86 -42.9264
87 -41.4479
88 -0.306747
89 -38.319
90 57.7117
91 13.5705
92 -50
93 25.7669
94 -59.7975
95 79.411
96 -4.26994
97 4.17178
98 -63.4356
99 63.5583
100 15.5951
